0 0 0 0 0 0 0 0 0 0 0 0 0 0 0 0 0 0 0 0 42 35 56 0 62 51 48 351 163 0
0 0 48 52 23 16 9 0 0 0 0 0 0 0 0 0 0 0 0 0 42 35 56 0 62 51 48 356 0 0
0 0 0 6 23 23 6 5 6 3 3 3 9 3 0 3 4 10 11 4 44 35 45 40 27 22 104 356 0 0
0 0 0 6 23 23 6 6 6 3 3 3 3 3 0 13 14 5 16 19 18 16 20 19 27 81 85 107 0 0
0 0 0 0 22 25 12 6 6 3 3 3 3 3 0 13 14 5 16 19 18 16 20 0 79 79 97 0 0 0
0 0 0 0 0 34 13 0 10 3 0 3 3 3 3 13 34 35 36 13 13 12 12 0 79 79 97 0 0 0
0 0 0 0 95 246 474 36 20 9 10 8 8 3 3 13 0 0 12 12 12 20 12 18 22 16 0 0 0 0
0 0 0 0 95 246 474 36 20 9 10 8 8 3 3 13 0 0 12 0 17 17 16 25 22 7 0 0 0 0
0 0 0 0 0 33 321 38 47 33 10 6 0 0 0 46 47 55 0 0 17 17 16 25 22 7 0 0 0 0
0 0 0 0 228 162 126 21 13 13 13 13 13 16 53 0 28 50 0 0 57 57 57 83 16 0 0 0 0 0
0 0 0 0 228 162 126 21 13 13 13 13 13 16 85 62 83 66 62 55 71 70 54 56 59 62 0 0 0 0
0 0 0 0 70 178 38 100 107 88 599 70 40 46 85 62 83 66 62 55 71 70 54 56 59 62 0 0 0 0
0 0 0 0 402 251 47 244 74 91 91 79 97 78 493 52 0 0 37 56 53 53 56 155 147 60 0 0 0 0
0 0 0 0 402 251 47 244 74 91 185 176 177 174 564 191 146 33 64 58 34 73 73 201 81 105 53 0 0 0
0 0 0 0 150 252 48 244 74 223 185 176 177 174 564 191 146 33 64 58 34 73 73 201 81 105 208 0 0 0
0 0 0 0 76 51 93 305 206 218 156 174 213 173 150 145 145 38 65 112 112 145 179 69 84 102 208 0 0 0
0 0 0 0 76 49 53 184 137 183 154 153 196 21 27 20 58 127 203 84 89 178 135 87 246 263 111 115 0 0
0 0 0 0 38 49 53 184 137 183 154 153 196 21 27 20 58 0 203 84 89 107 67 87 55 166 98 115 0 0
0 0 0 0 38 56 51 58 49 39 23 12 20 20 18 0 63 62 69 65 89 107 67 87 55 166 98 115 0 0
0 0 0 0 189 52 86 55 57 20 20 20 12 12 12 0 16 27 31 43 38 39 37 65 55 55 113 66 0 0
0 0 0 0 189 52 86 55 57 21 20 20 12 12 12 0 16 0 0 0 0 0 0 0 0 0 0 0 0 0
