0 0 0 0 0 0 0 0 0 0 0 0 0 0 0 0 0 0 0 0 0 0 0 0 0 0 0 0 0 0 0 0 0 0 0 0 0 0 0 0 0 0 0 0 0 0 0 0 0 0 0 0 0 0 0 0 0 0 0 0 0 0 0 0 0 0 0 0 0 0 0 0 0 0 0 0 0 0 0 0 0 0 0 0 0 0 0 0 0 0
0 0 0 0 0 0 0 0 0 0 0 0 0 0 0 0 0 0 0 0 0 0 0 0 0 0 0 0 0 0 0 0 0 0 0 0 0 0 0 0 0 0 0 0 0 13 0 0 0 0 0 0 0 0 0 0 0 0 0 0 0 0 0 0 0 0 0 0 0 0 0 0 0 0 0 0 0 0 0 0 0 0 0 0 0 0 0 0 0 0
0 0 0 0 0 0 0 0 0 0 0 0 0 0 0 0 0 0 0 0 0 0 0 0 0 0 0 0 0 0 0 0 0 0 0 0 0 0 0 0 0 0 0 0 0 0 0 0 0 0 0 0 0 0 0 5 4 4 5 5 5 3 0 0 0 0 0 0 0 0 0 0 0 0 0 0 0 0 0 0 0 0 0 0 0 0 0 0 0 0
0 0 0 0 0 0 0 0 0 0 0 0 0 0 0 0 0 0 0 0 0 0 0 0 0 0 0 0 0 0 0 0 0 0 0 0 0 0 0 0 0 0 0 0 0 0 0 0 0 0 0 0 0 0 0 5 4 5 4 4 4 11 0 0 0 0 0 0 0 0 0 0 0 0 0 0 0 0 0 0 0 0 0 0 0 0 0 0 0 0
0 0 0 0 0 0 0 0 0 0 0 0 0 0 0 0 0 0 0 0 0 0 0 0 0 0 0 0 0 0 0 0 0 0 0 0 0 0 0 0 0 0 0 0 0 0 0 0 24 13 0 9 5 5 5 5 4 5 4 4 4 16 0 0 0 0 0 0 0 0 0 0 0 0 0 0 0 0 0 0 0 0 0 0 0 0 0 0 0 0
0 0 0 0 0 0 0 0 0 0 0 0 0 0 0 0 0 0 0 0 0 0 0 0 0 0 0 0 0 0 0 0 0 0 0 0 0 0 0 0 0 99 21 0 0 5 3 0 24 16 14 9 2 6 5 5 4 12 16 16 16 16 0 0 0 0 0 0 0 0 0 0 0 0 0 0 0 0 0 0 0 0 0 0 0 0 0 0 0 0
0 0 0 0 0 0 0 0 0 0 0 0 0 0 0 0 0 0 0 0 0 0 0 0 0 0 0 0 0 0 0 0 0 0 0 0 0 0 0 0 0 18 10 13 12 4 1 1 12 23 14 15 10 7 5 5 3 16 16 16 16 0 0 0 0 0 0 0 0 0 0 0 0 0 0 0 0 0 0 0 0 0 0 0 0 0 0 0 0 0
0 0 0 0 0 0 0 0 0 0 0 0 0 0 0 0 0 0 0 0 0 0 0 0 0 0 0 0 0 0 0 0 0 0 0 0 0 0 0 0 0 18 10 13 12 4 1 1 12 23 14 15 10 7 4 5 3 16 16 16 11 0 0 0 0 0 0 0 0 0 0 0 0 0 0 0 0 0 0 0 0 0 0 0 0 0 0 0 0 0
0 0 0 0 0 0 0 0 0 0 0 0 0 0 0 0 0 0 0 0 0 0 0 0 0 0 0 0 0 0 0 0 0 0 0 0 0 0 0 0 18 9 11 11 9 4 0 0 4 15 14 17 12 7 4 5 3 16 16 16 11 0 0 0 0 0 0 0 0 0 0 0 0 0 0 0 0 0 0 0 0 0 0 0 0 0 0 0 0 0
0 0 0 0 0 0 0 0 0 0 0 0 0 0 0 0 0 0 0 0 0 0 0 0 0 0 0 0 0 0 0 0 0 0 0 0 0 0 0 0 11 0 11 11 0 4 3 3 4 60 91 60 53 7 5 5 4 24 24 11 0 0 0 0 0 0 0 0 0 0 0 0 0 0 0 0 0 0 0 0 0 0 0 0 0 0 0 0 0 0
0 0 0 0 0 0 0 0 0 0 0 0 0 0 0 0 0 0 0 0 0 0 0 0 0 0 0 0 0 0 0 0 0 0 0 0 0 0 0 3 3 3 3 11 11 9 11 11 11 60 54 78 80 23 29 25 24 16 16 0 0 0 0 0 0 0 0 0 0 0 0 0 0 0 0 0 0 0 0 0 0 0 0 0 0 0 0 0 0 0
0 0 0 0 0 0 0 0 0 0 0 0 0 0 0 0 0 0 0 0 0 0 0 0 0 0 0 0 0 0 0 0 0 0 0 0 0 0 0 3 3 3 3 11 11 9 11 11 11 60 54 53 85 99 24 36 17 16 0 0 0 0 0 0 0 0 0 0 0 0 0 0 0 0 0 0 0 0 0 0 0 0 0 0 0 0 0 0 0 0
0 0 0 0 0 0 0 0 0 0 0 0 0 0 0 0 0 0 0 0 0 0 0 0 0 0 0 0 0 0 0 0 0 0 0 0 0 0 0 0 0 0 2 11 10 10 10 11 10 154 166 53 85 99 24 36 17 16 0 0 0 0 0 0 0 0 0 0 0 0 0 0 0 0 0 0 0 0 0 0 0 0 0 0 0 0 0 0 0 0
0 0 0 0 0 0 0 0 0 0 0 0 0 0 0 0 0 0 0 0 0 0 0 0 0 0 0 0 0 0 0 0 0 0 0 0 8 2 1 1 1 1 2 5 10 129 145 166 184 56 56 60 137 40 38 22 20 22 0 0 0 0 0 0 0 0 0 0 0 0 0 0 0 0 0 0 0 0 0 0 0 0 0 0 0 0 0 0 0 0
0 0 0 0 0 0 0 0 0 0 0 0 0 0 0 0 0 0 0 0 0 0 0 0 0 0 0 0 0 0 0 0 0 0 0 0 8 0 6 0 3 5 5 6 36 149 224 149 157 66 63 80 35 13 16 21 15 15 4 0 0 0 0 0 0 0 0 0 0 0 0 0 0 0 0 0 0 0 0 0 0 0 0 0 0 0 0 0 0 0
0 0 0 0 0 0 0 0 0 0 0 0 0 0 0 0 0 0 0 0 0 0 0 0 0 0 0 7 7 6 7 0 0 0 0 10 7 0 6 0 3 5 5 6 36 149 224 149 157 328 113 95 139 14 15 15 22 16 22 0 0 0 0 0 0 0 0 0 0 0 0 0 0 0 0 0 0 0 0 0 0 0 0 0 0 0 0 0 0 0
0 0 0 0 0 0 0 0 0 0 0 0 0 0 0 0 0 196 0 0 0 0 0 0 115 115 115 7 7 6 6 7 6 6 6 6 8 10 6 7 6 6 10 53 53 124 124 200 185 328 113 95 139 14 15 15 22 16 22 0 0 0 0 0 0 0 0 0 0 0 0 0 0 0 0 0 0 0 0 0 0 0 0 0 0 0 0 0 0 0
0 0 0 0 0 0 0 0 0 0 0 0 0 0 0 0 0 196 0 0 0 0 0 22 110 118 153 86 87 7 7 7 6 0 0 0 8 7 8 7 8 7 389 223 120 118 129 129 62 69 90 108 67 108 115 120 16 16 17 13 0 0 0 0 0 0 0 0 0 0 0 0 0 0 0 0 0 0 0 0 0 0 0 0 0 0 0 0 0 0
0 0 0 0 0 0 0 0 0 0 0 0 0 0 0 0 0 37 175 50 0 33 27 22 110 118 153 86 87 7 7 7 6 0 0 7 7 8 93 7 8 151 343 201 88 107 61 61 76 128 101 101 121 75 171 142 103 78 16 23 15 0 0 0 0 0 0 0 0 0 0 0 0 0 0 0 0 0 0 0 0 0 0 0 0 0 0 0 0 0
0 0 0 0 0 0 0 0 0 0 0 0 0 0 0 0 0 0 46 35 35 30 25 25 157 103 124 96 85 37 36 35 7 7 6 7 10 8 93 7 8 151 343 201 88 86 98 74 91 90 96 96 147 112 110 107 161 116 71 17 23 0 0 0 0 0 0 0 0 0 0 0 0 0 0 0 0 0 0 0 0 0 0 0 0 0 0 0 0 0
0 0 0 0 0 0 0 0 0 0 0 0 0 0 84 270 268 289 30 36 26 24 22 127 114 110 136 82 34 39 46 154 158 7 10 7 40 42 94 118 87 152 196 195 227 180 98 74 91 90 96 96 147 112 110 107 161 116 826 25 14 0 0 0 0 0 0 0 0 0 0 0 0 0 0 0 0 0 0 0 0 0 0 0 0 0 0 0 0 0
0 0 0 0 0 0 0 0 0 0 0 0 0 0 84 270 268 289 30 36 26 158 147 134 114 90 90 130 69 83 36 37 268 229 92 99 52 44 42 94 134 165 221 82 82 86 85 272 144 288 158 112 98 291 144 73 127 175 826 27 14 0 0 0 0 0 0 0 0 0 0 0 0 0 0 0 0 0 0 0 0 0 0 0 0 0 0 0 0 0
0 0 0 0 0 0 0 0 0 0 0 0 0 0 90 92 36 243 211 142 189 158 147 134 114 90 90 130 69 83 36 37 268 113 121 169 167 42 42 28 210 208 73 242 72 74 104 95 147 88 135 137 125 119 114 102 100 76 33 27 70 17 18 0 0 0 0 0 0 0 0 0 0 0 0 0 0 0 0 0 0 0 0 0 0 0 0 0 0 0
0 0 0 0 0 0 0 0 73 68 76 77 216 217 179 149 167 168 203 151 152 233 186 94 90 67 160 217 89 92 123 114 133 113 121 169 167 42 42 28 210 208 73 242 239 65 104 109 84 162 118 136 306 300 79 76 108 106 72 96 69 60 15 16 14 0 0 0 0 0 0 0 0 0 0 0 0 0 0 0 0 0 0 0 0 0 0 0 0 0
0 0 0 0 0 0 0 117 116 128 129 67 67 91 87 142 105 172 185 215 215 70 74 117 69 62 241 211 180 71 73 138 102 120 507 101 101 34 44 32 34 399 73 73 239 65 104 109 84 162 118 136 306 300 79 76 68 134 98 108 58 39 35 247 360 7 11 18 12 0 0 0 0 0 0 0 0 0 0 0 0 0 0 0 0 0 0 0 0 0
0 0 0 0 0 0 90 117 116 128 129 67 67 91 87 142 105 172 185 101 124 69 159 185 38 49 179 137 324 71 98 78 113 134 106 128 81 106 28 44 36 35 132 72 72 80 80 86 76 113 96 549 275 274 79 79 68 134 98 108 58 39 35 247 360 7 11 18 18 0 0 0 0 0 0 0 0 0 0 0 0 0 0 0 0 0 0 0 0 0
0 0 0 0 0 93 116 116 115 115 128 81 67 80 95 142 110 117 121 101 124 69 159 185 38 49 179 137 324 71 191 151 206 97 98 91 100 95 123 31 44 35 121 75 72 72 94 103 81 113 86 87 151 166 73 67 68 99 107 111 44 259 130 483 185 37 59 13 18 0 0 0 0 0 0 0 0 0 0 0 0 0 0 0 0 0 0 0 0 0
0 0 0 0 0 99 156 156 157 71 80 94 85 264 237 109 99 68 52 108 91 67 130 104 49 36 36 42 159 101 191 151 206 97 98 91 100 95 123 31 44 35 81 36 65 68 72 105 38 37 43 36 180 163 72 70 76 74 65 132 146 86 89 83 106 69 68 63 14 15 0 0 0 0 0 0 0 0 0 0 0 0 0 0 0 0 0 0 0 0
0 0 0 0 0 90 163 159 218 133 138 218 478 273 273 168 121 106 89 186 74 71 81 72 37 38 37 210 186 144 107 139 137 174 118 118 115 107 110 27 27 36 81 36 65 68 72 105 38 37 43 36 180 163 249 169 70 82 70 87 46 143 77 73 201 106 75 68 75 18 11 0 0 0 0 0 0 0 0 0 0 0 0 0 0 0 0 0 0 0
0 0 0 95 123 90 163 159 218 133 138 218 478 273 273 168 121 51 53 53 92 115 84 235 161 181 154 230 158 54 69 46 50 131 118 112 99 110 87 65 28 28 45 35 97 62 66 94 86 35 34 35 88 92 249 169 70 82 70 87 46 143 77 73 201 106 107 85 12 18 10 11 0 0 0 0 0 0 0 0 0 0 0 0 0 0 0 0 0 0
0 0 0 0 152 115 152 90 96 106 374 83 99 86 79 101 88 51 53 53 92 115 84 235 172 181 154 230 116 114 56 59 120 83 74 74 97 109 95 65 65 30 30 33 27 96 99 94 111 54 53 120 209 209 163 155 64 82 63 61 470 107 196 188 321 174 107 85 12 18 10 11 0 0 0 0 0 0 0 0 0 0 0 0 0 0 0 0 0 0
0 0 0 0 82 91 91 103 112 87 87 121 87 86 237 237 84 61 61 76 76 63 120 121 182 74 45 104 116 114 56 59 120 83 74 74 97 109 95 65 67 74 31 30 28 118 99 121 138 43 56 54 58 506 67 63 67 70 67 60 61 88 271 193 189 84 108 103 14 18 11 0 0 0 0 0 0 0 0 0 0 0 0 0 0 0 0 0 0 0
0 0 0 0 283 244 245 108 89 135 272 68 68 66 66 282 54 39 54 56 56 133 133 182 169 64 46 117 117 158 173 145 179 120 82 74 66 67 67 66 67 74 31 30 28 118 99 168 138 43 56 54 5 22 37 35 37 70 181 263 89 88 69 103 52 84 69 66 32 33 42 0 0 0 0 0 0 0 0 0 0 0 0 0 0 0 0 0 0 0
0 0 0 0 283 244 245 108 89 135 272 68 68 66 60 56 37 39 54 51 72 71 71 71 178 303 155 366 226 140 106 178 53 69 83 64 67 56 69 76 106 80 80 40 33 124 109 119 134 54 51 0 5 22 37 35 37 70 181 263 89 88 69 71 81 384 90 84 85 26 25 0 0 0 0 0 0 0 0 0 0 0 0 0 0 0 0 0 0 0
0 0 0 0 72 43 47 58 55 168 199 92 70 57 60 56 37 39 54 51 59 71 71 71 178 303 156 169 199 69 71 200 53 69 42 59 56 71 70 81 81 79 80 37 33 35 183 133 123 0 0 0 0 16 37 35 68 69 150 188 172 131 103 71 81 384 90 84 85 26 26 0 0 0 0 0 0 0 0 0 0 0 0 0 0 0 0 0 0 0
0 0 0 0 0 36 37 37 37 51 56 57 248 53 49 53 54 39 40 40 64 69 58 152 164 172 156 169 199 69 71 200 53 69 42 59 56 71 96 119 80 173 57 40 56 43 216 180 133 73 63 0 0 16 28 119 127 69 158 159 227 72 88 46 50 44 30 129 82 27 27 0 0 0 0 0 0 0 0 0 0 0 0 0 0 0 0 0 0 0
0 0 0 0 28 36 36 46 35 48 53 53 59 55 51 71 47 35 65 526 59 169 163 225 223 49 54 68 56 64 383 201 145 115 138 141 147 61 96 119 80 173 57 52 56 43 216 180 133 80 93 72 40 44 83 83 133 85 86 82 67 31 34 44 41 40 26 28 35 36 35 0 0 0 0 0 0 0 0 0 0 0 0 0 0 0 0 0 0 0
0 0 0 0 28 36 36 46 35 48 53 53 109 53 52 53 108 63 65 65 59 73 68 193 116 125 136 63 63 63 64 150 150 167 87 158 87 199 335 178 157 103 92 103 35 28 36 38 42 80 93 72 40 44 83 83 133 85 86 82 67 38 49 31 40 38 25 35 45 45 55 0 0 0 0 0 0 0 0 0 0 0 0 0 0 0 0 0 0 0
0 0 36 45 217 169 157 28 63 64 74 74 109 53 52 53 131 63 65 65 59 73 68 193 91 114 140 139 134 71 185 82 81 81 110 98 112 86 85 90 89 99 99 99 26 36 26 26 286 187 231 79 44 56 50 47 47 46 441 65 36 38 49 31 40 38 37 35 45 45 55 0 0 0 0 0 0 0 0 0 0 0 0 0 0 0 0 0 0 0
0 0 32 51 371 40 41 50 64 40 62 65 108 85 88 91 107 59 66 65 59 74 97 91 91 114 140 139 134 71 185 82 81 81 110 98 62 77 99 91 90 100 100 100 23 24 27 36 29 135 125 48 88 71 53 53 67 49 85 517 104 86 41 32 32 38 146 231 43 42 55 0 0 0 0 0 0 0 0 0 0 0 0 0 0 0 0 0 0 0
0 0 10 50 50 65 41 93 86 65 67 225 190 92 89 373 283 210 73 73 71 111 76 104 87 258 118 82 70 178 208 86 115 57 57 60 62 77 99 91 90 100 100 100 23 24 27 24 36 229 70 438 54 54 111 84 210 221 85 273 48 72 39 49 74 76 75 35 54 36 27 0 0 0 0 0 0 0 0 0 0 0 0 0 0 0 0 0 0 0
0 0 10 50 50 65 41 93 86 65 106 240 224 167 172 187 114 95 57 57 57 17 19 28 21 275 151 151 107 96 162 148 91 92 369 77 32 134 89 166 165 355 159 126 26 26 24 24 36 229 70 438 54 54 111 84 210 221 85 49 48 51 72 186 116 72 72 95 126 98 28 28 30 0 0 0 0 0 0 0 0 0 0 0 0 0 0 0 0 0
0 32 10 10 48 58 84 104 86 153 106 240 224 167 172 187 114 95 57 57 57 17 21 25 22 143 151 107 107 107 96 55 55 37 57 32 30 40 40 31 33 393 82 179 102 29 36 27 32 76 92 77 245 60 85 78 90 74 206 49 48 51 72 186 116 72 72 95 126 98 28 43 29 0 0 0 27 27 0 0 0 0 0 0 0 0 0 0 0 0
0 0 0 39 32 56 53 40 51 147 152 115 239 67 90 96 90 18 17 17 29 21 21 25 22 143 151 107 107 107 96 55 55 64 65 89 26 130 120 56 150 66 187 93 94 46 45 25 38 38 71 225 230 226 306 303 113 82 80 48 149 152 105 46 92 45 83 95 150 86 98 43 29 0 0 0 27 27 0 0 0 0 0 0 0 0 0 0 0 0
0 0 0 0 263 219 100 51 283 117 127 237 238 59 47 197 191 199 20 22 59 22 19 88 88 82 98 140 174 223 221 55 55 64 65 89 26 130 120 56 150 66 187 93 94 357 45 38 44 44 46 60 50 50 326 328 66 53 182 194 162 125 118 44 71 52 52 53 208 89 89 93 30 25 0 25 25 28 25 28 0 0 0 0 0 0 0 0 0 0
0 0 0 0 263 219 100 51 175 159 72 68 52 52 128 102 198 325 96 59 72 88 112 147 214 117 214 254 253 236 246 93 93 93 94 68 76 54 62 79 62 193 174 87 164 357 45 38 44 59 46 60 50 50 326 328 66 34 46 144 180 128 49 46 54 62 52 52 149 45 30 142 138 28 28 25 25 25 25 25 58 12 0 0 0 0 0 0 0 0
0 0 0 0 40 479 106 100 175 159 72 68 52 52 128 102 198 325 96 59 71 87 144 150 148 123 135 127 109 140 140 109 107 106 108 81 67 83 65 46 61 193 161 149 149 134 100 212 66 63 73 53 47 46 46 49 46 34 46 144 180 128 49 46 54 62 52 52 149 39 33 101 108 92 32 26 41 25 28 25 59 93 65 0 0 0 0 0 0 0
0 0 0 0 0 71 22 24 70 72 59 60 65 50 125 165 165 160 72 96 71 87 102 150 148 123 135 127 109 140 140 171 111 88 96 74 310 51 121 50 49 187 159 145 145 154 126 192 66 60 133 493 66 43 270 248 32 31 31 36 205 220 233 71 55 101 32 33 29 39 33 101 115 92 32 26 41 25 28 25 91 63 16 0 0 15 0 0 0 0
0 0 0 0 0 0 68 69 52 28 30 60 380 53 140 185 177 124 62 68 69 69 69 68 498 93 105 128 110 141 577 171 111 88 96 74 310 51 121 50 49 187 159 151 56 52 64 102 76 98 160 47 59 143 123 32 32 27 29 117 142 95 211 102 101 101 38 32 30 30 109 101 112 120 118 76 78 26 32 41 91 63 16 0 0 15 0 0 0 0
0 0 0 0 0 0 0 50 16 47 73 93 123 94 146 156 129 129 68 109 81 67 66 117 100 99 133 71 69 72 72 225 78 77 77 144 64 64 123 99 61 51 56 151 56 109 64 102 76 98 160 47 59 143 122 198 198 176 190 117 142 62 66 73 81 60 91 231 140 135 167 102 102 100 81 79 71 117 81 27 62 15 18 0 13 10 11 0 0 0
0 0 0 0 0 0 0 50 16 47 73 93 123 94 146 156 129 133 99 97 128 71 71 103 127 103 59 59 59 123 102 101 84 84 84 124 157 97 101 107 55 99 41 53 357 62 62 87 88 88 56 47 188 215 221 198 198 176 190 117 142 62 66 73 81 60 75 96 69 217 57 57 92 91 85 86 95 94 15 15 17 22 0 0 0 11 10 0 0 0
0 0 0 0 0 0 0 50 50 67 100 25 80 81 87 209 225 133 209 97 128 71 71 103 127 103 59 60 59 56 60 197 95 95 599 59 58 57 54 54 63 98 129 55 148 54 53 46 90 36 34 40 44 57 44 172 31 33 32 45 177 108 66 66 102 75 75 96 70 217 57 57 92 91 85 86 95 94 22 17 17 14 0 0 0 10 10 0 0 0
0 0 0 0 0 0 0 0 16 16 53 77 166 84 267 242 114 91 120 325 168 113 104 286 509 294 337 60 55 56 60 197 95 95 599 59 58 57 54 54 63 82 160 0 0 175 55 43 43 43 55 73 79 88 90 149 183 137 39 33 104 73 73 77 63 91 329 85 69 62 57 61 86 22 22 14 15 14 22 17 17 14 0 0 0 10 10 0 0 0
0 0 0 0 0 0 0 0 62 69 92 104 61 262 267 115 116 112 110 293 440 149 148 135 136 136 204 206 77 77 196 253 318 319 63 49 48 58 58 86 63 35 160 0 0 175 55 43 43 43 55 73 79 114 139 337 347 94 109 39 82 48 51 51 75 73 60 46 51 43 20 28 21 28 16 33 70 19 16 15 15 13 0 0 11 11 0 0 0 0
0 0 0 0 0 0 0 0 62 69 92 104 61 262 267 339 341 76 78 62 78 73 100 105 352 341 43 210 79 77 138 138 146 140 178 61 32 49 72 65 65 80 158 184 152 127 131 166 123 102 96 523 50 114 139 337 347 94 109 39 82 48 51 51 31 146 47 46 33 235 306 58 20 60 32 36 0 80 603 17 17 12 11 13 13 13 0 0 0 0
0 0 0 0 0 0 0 0 57 58 40 37 32 32 34 339 341 76 78 62 78 73 100 105 352 341 43 43 262 241 104 139 112 175 175 258 111 96 44 49 49 99 124 55 74 145 117 106 136 101 121 181 60 43 37 43 93 105 117 121 220 216 44 31 31 146 47 46 33 235 306 58 20 60 32 36 70 68 221 218 12 11 9 9 11 11 11 11 0 0
0 0 0 3 3 10 22 14 38 46 12 239 34 31 33 59 60 74 73 173 62 58 77 82 172 174 39 43 262 241 104 139 112 175 175 258 111 96 44 0 0 0 40 49 49 125 74 73 77 78 74 188 47 49 17 17 95 62 57 62 71 349 50 50 50 166 167 54 52 109 101 65 64 58 37 56 70 68 221 218 12 11 9 9 11 11 11 11 10 0
0 0 10 10 11 13 10 38 70 23 114 199 39 31 34 31 32 30 30 31 33 34 35 35 80 61 48 31 30 34 21 31 36 0 0 0 0 0 0 0 0 0 40 49 49 125 74 73 77 78 94 48 50 290 19 17 19 15 13 14 84 64 64 29 29 30 92 93 40 115 46 52 52 66 59 66 69 16 20 3 3 2 0 2 0 2 2 2 10 0
0 0 10 10 11 13 10 38 70 23 114 199 39 37 31 29 30 75 33 60 42 54 45 50 80 66 79 71 80 41 12 11 12 0 0 0 0 0 0 0 0 0 0 0 0 0 0 23 145 145 94 48 50 290 19 17 19 15 13 14 62 64 18 19 48 47 133 123 110 98 26 26 41 50 241 69 45 14 7 0 0 0 0 0 0 0 0 0 9 0
0 0 3 3 14 9 11 11 14 11 78 96 38 37 31 29 30 75 33 60 42 54 45 50 80 67 94 80 102 67 21 0 0 0 0 0 0 0 0 0 0 0 0 0 0 0 0 0 0 22 64 66 65 37 8 8 9 20 20 14 16 18 18 19 48 47 133 123 110 98 26 26 41 50 145 0 0 0 0 0 0 0 0 0 0 0 0 0 0 0
0 0 0 3 3 3 14 11 9 9 3 91 161 88 74 36 142 33 34 22 40 50 36 43 79 67 94 80 102 67 21 0 0 0 0 0 0 0 0 0 0 0 0 0 0 0 0 0 0 0 0 74 69 17 9 8 8 6 6 6 6 4 4 11 17 17 11 16 12 41 38 41 44 141 90 0 0 0 0 0 0 0 0 0 0 0 0 0 0 0
0 0 0 0 0 3 11 3 3 3 9 23 164 32 59 120 147 71 146 46 424 50 36 43 33 67 125 118 0 0 0 0 0 0 0 0 0 0 0 0 0 0 0 0 0 0 0 0 0 0 0 48 23 15 16 9 0 0 0 0 0 0 0 0 0 0 0 42 35 44 0 62 51 48 351 0 0 0 0 0 0 0 0 0 0 0 0 0 0 0
0 0 0 0 0 3 11 3 3 3 9 99 85 48 52 127 51 63 66 48 45 97 35 216 176 217 115 233 213 0 0 0 0 0 0 0 0 0 0 0 0 0 0 0 0 0 0 0 0 0 0 48 23 15 16 9 0 0 0 0 9 3 0 3 4 10 4 44 35 45 40 27 22 104 356 0 0 0 0 0 0 0 0 0 0 0 0 0 0 0
0 0 0 0 0 0 0 0 0 6 13 99 85 48 52 127 51 63 66 48 45 97 35 34 207 74 0 57 0 0 0 0 0 0 0 0 0 0 0 0 0 0 0 0 0 0 0 0 0 0 0 0 23 22 23 6 5 3 3 3 9 3 0 3 4 10 4 44 35 45 40 27 81 85 107 0 0 0 0 0 0 0 0 0 0 0 0 0 0 0
0 0 0 0 0 0 0 0 0 0 0 275 60 61 78 62 89 81 66 48 76 108 87 34 207 74 0 57 0 0 0 0 0 0 0 0 0 0 0 0 0 0 0 0 0 0 0 0 0 0 0 0 22 34 25 12 6 3 3 3 3 3 0 13 14 5 19 18 16 20 19 27 81 85 107 0 0 0 0 0 0 0 0 0 0 0 0 0 0 0
0 0 0 0 0 0 0 0 0 0 0 0 60 69 64 223 85 84 69 47 85 81 94 127 111 0 0 0 0 0 0 0 0 0 0 0 0 0 0 0 0 0 0 0 0 0 0 0 0 0 0 0 0 34 25 13 0 3 0 3 3 3 0 13 34 35 13 13 12 12 0 79 79 97 0 0 0 0 0 0 0 0 0 0 0 0 0 0 0 0
0 0 0 0 0 0 0 0 0 0 0 0 0 0 0 0 68 72 72 75 276 91 76 76 86 0 0 0 0 0 0 0 0 0 0 0 0 0 0 0 0 0 0 0 0 0 0 0 0 0 0 0 0 34 25 13 0 3 10 8 8 3 0 13 0 0 12 12 20 12 18 22 16 0 0 0 0 0 0 0 0 0 0 0 0 0 0 0 0 0
0 0 0 0 0 0 0 0 0 0 0 0 0 0 0 0 68 72 72 75 0 0 0 0 0 0 0 0 0 0 0 0 0 0 0 0 0 0 0 0 0 0 0 0 0 0 0 0 0 0 0 0 0 246 440 474 36 9 10 8 8 3 0 13 0 0 12 12 20 16 25 22 7 0 0 0 0 0 0 0 0 0 0 0 0 0 0 0 0 0
0 0 0 0 0 0 0 0 0 0 0 0 0 0 0 0 0 0 0 0 0 0 0 0 0 0 0 0 0 0 0 0 0 0 0 0 0 0 0 0 0 0 0 0 0 0 0 0 0 0 0 0 0 33 221 321 38 33 10 6 0 0 0 46 47 55 0 17 17 16 25 22 7 0 0 0 0 0 0 0 0 0 0 0 0 0 0 0 0 0
0 0 0 0 0 0 0 0 0 0 0 0 0 0 0 0 0 0 0 0 0 0 0 0 0 0 0 0 0 0 0 0 0 0 0 0 0 0 0 0 0 0 0 0 0 0 0 0 0 0 0 0 0 162 126 48 21 13 13 13 13 16 0 26 28 50 0 57 57 57 83 16 0 0 0 0 0 0 0 0 0 0 0 0 0 0 0 0 0 0
0 0 0 0 0 0 0 0 0 0 0 0 0 0 0 0 0 0 0 0 0 0 0 0 0 0 0 0 0 0 0 0 0 0 0 0 0 0 0 0 0 0 0 0 0 0 0 0 0 0 0 0 0 162 126 48 100 107 599 70 40 46 62 62 83 66 62 71 70 54 56 92 62 0 0 0 0 0 0 0 0 0 0 0 0 0 0 0 0 0
0 0 0 0 0 0 0 0 0 0 0 0 0 0 0 0 0 0 0 0 0 0 0 0 0 0 0 0 0 0 0 0 0 0 0 0 0 0 0 0 0 0 0 0 0 0 0 0 0 0 0 0 0 178 38 144 100 107 599 70 40 46 85 62 83 66 62 53 53 56 155 147 60 0 0 0 0 0 0 0 0 0 0 0 0 0 0 0 0 0
0 0 0 0 0 0 0 0 0 0 0 0 0 0 0 0 0 0 0 0 0 0 0 0 0 0 0 0 0 0 0 0 0 0 0 0 0 0 0 0 0 0 0 0 0 0 0 0 0 0 0 0 0 402 47 244 93 74 91 79 97 78 493 30 0 0 37 53 53 56 155 147 60 0 0 0 0 0 0 0 0 0 0 0 0 0 0 0 0 0
0 0 0 0 0 0 0 0 0 0 0 0 0 0 0 0 0 0 0 0 0 0 0 0 0 0 0 0 0 0 0 0 0 0 0 0 0 0 0 0 0 0 0 0 0 0 0 0 0 0 0 0 0 150 48 244 73 74 185 176 177 174 564 146 0 33 64 34 73 73 201 81 54 53 0 0 0 0 0 0 0 0 0 0 0 0 0 0 0 0
0 0 0 0 0 0 0 0 0 0 0 0 0 0 0 0 0 0 0 0 0 0 0 0 0 0 0 0 0 0 0 0 0 0 0 0 0 0 0 0 0 0 0 0 0 0 0 0 0 0 0 0 0 76 93 305 174 206 156 174 213 173 150 145 0 38 65 112 145 179 69 84 208 208 0 0 0 0 0 0 0 0 0 0 0 0 0 0 0 0
0 0 0 0 0 0 0 0 0 0 0 0 0 0 0 0 0 0 0 0 0 0 0 0 0 0 0 0 0 0 0 0 0 0 0 0 0 0 0 0 0 0 0 0 0 0 0 0 0 0 0 0 0 76 93 305 174 206 218 174 213 173 150 145 0 127 203 84 178 135 87 246 120 111 115 0 0 0 0 0 0 0 0 0 0 0 0 0 0 0
0 0 0 0 0 0 0 0 0 0 0 0 0 0 0 0 0 0 0 0 0 0 0 0 0 0 0 0 0 0 0 0 0 0 0 0 0 0 0 0 0 0 0 0 0 0 0 0 0 0 0 0 0 38 53 184 137 120 183 153 196 21 27 58 0 127 203 84 178 135 87 246 120 111 115 0 0 0 0 0 0 0 0 0 0 0 0 0 0 0
0 0 0 0 0 0 0 0 0 0 0 0 0 0 0 0 0 0 0 0 0 0 0 0 0 0 0 0 0 0 0 0 0 0 0 0 0 0 0 0 0 0 0 0 0 0 0 0 0 0 0 0 0 38 51 58 49 44 39 12 20 20 18 63 62 109 69 65 107 67 87 55 166 139 115 0 0 0 0 0 0 0 0 0 0 0 0 0 0 0
0 0 0 0 0 0 0 0 0 0 0 0 0 0 0 0 0 0 0 0 0 0 0 0 0 0 0 0 0 0 0 0 0 0 0 0 0 0 0 0 0 0 0 0 0 0 0 0 0 0 0 0 0 189 86 55 57 21 20 20 12 12 12 0 27 44 31 43 39 37 65 55 55 64 66 0 0 0 0 0 0 0 0 0 0 0 0 0 0 0
0 0 0 0 0 0 0 0 0 0 0 0 0 0 0 0 0 0 0 0 0 0 0 0 0 0 0 0 0 0 0 0 0 0 0 0 0 0 0 0 0 0 0 0 0 0 0 0 0 0 0 0 0 189 52 55 57 21 20 20 12 12 12 0 25 26 14 10 2 10 10 18 56 93 306 99 94 0 0 0 0 0 0 0 0 0 0 0 0 0
0 0 0 0 0 0 0 0 0 0 0 0 0 0 0 0 0 0 0 0 0 0 0 0 0 0 0 0 0 0 0 0 0 0 0 0 0 0 0 0 0 0 0 0 0 0 0 0 0 0 0 0 0 197 64 84 30 20 19 11 0 0 0 0 25 26 14 10 2 10 10 18 56 93 306 92 86 0 0 0 0 0 0 0 0 0 0 0 0 0
0 0 0 0 0 0 0 0 0 0 0 0 0 0 0 0 0 0 0 0 0 0 0 0 0 0 0 0 0 0 0 0 0 0 0 0 0 0 0 0 0 0 0 0 0 0 0 0 0 0 0 0 0 0 51 81 108 90 0 0 0 0 0 0 0 44 14 3 1 9 8 10 143 100 108 92 86 0 0 0 0 0 0 0 0 0 0 0 0 0
0 0 0 0 0 0 0 0 0 0 0 0 0 0 0 0 0 0 0 0 0 0 0 0 0 0 0 0 0 0 0 0 0 0 0 0 0 0 0 0 0 0 0 0 0 0 0 0 0 0 0 0 0 0 233 95 96 143 85 385 102 361 64 107 57 13 14 0 1 11 10 9 10 113 101 133 72 0 0 0 0 0 0 0 0 0 0 0 0 0
0 0 0 0 0 0 0 0 0 0 0 0 0 0 0 0 0 0 0 0 0 0 0 0 0 0 0 0 0 0 0 0 0 0 0 0 0 0 0 0 0 0 0 0 0 0 0 0 0 0 0 0 0 0 233 95 96 143 85 385 102 63 64 64 98 13 17 2 1 11 8 10 10 197 143 70 36 33 0 0 0 0 0 0 0 0 0 0 0 0
0 0 0 0 0 0 0 0 0 0 0 0 0 0 0 0 0 0 0 0 0 0 0 0 0 0 0 0 0 0 0 0 0 0 0 0 0 0 0 0 0 0 0 0 0 0 0 0 0 0 0 0 0 0 75 117 97 125 122 221 136 63 64 64 98 13 17 2 1 11 8 10 10 191 52 67 115 0 0 0 0 0 0 0 0 0 0 0 0 0
0 0 0 0 0 0 0 0 0 0 0 0 0 0 0 0 0 0 0 0 0 0 0 0 0 0 0 0 0 0 0 0 0 0 0 0 0 0 0 0 0 0 0 0 0 0 0 0 0 0 0 0 0 0 0 193 86 93 119 126 129 69 69 69 79 13 12 2 0 0 10 12 10 191 52 67 115 0 0 0 0 0 0 0 0 0 0 0 0 0
0 0 0 0 0 0 0 0 0 0 0 0 0 0 0 0 0 0 0 0 0 0 0 0 0 0 0 0 0 0 0 0 0 0 0 0 0 0 0 0 0 0 0 0 0 0 0 0 0 0 0 0 0 0 0 44 72 115 105 119 192 137 155 119 56 55 18 4 0 0 15 20 75 110 47 52 353 0 0 0 0 0 0 0 0 0 0 0 0 0
0 0 0 0 0 0 0 0 0 0 0 0 0 0 0 0 0 0 0 0 0 0 0 0 0 0 0 0 0 0 0 0 0 0 0 0 0 0 0 0 0 0 0 0 0 0 0 0 0 0 0 0 0 0 0 44 72 115 105 172 281 202 104 103 50 78 96 6 3 17 16 17 194 87 52 104 104 0 0 0 0 0 0 0 0 0 0 0 0 0
0 0 0 0 0 0 0 0 0 0 0 0 0 0 0 0 0 0 0 0 0 0 0 0 0 0 0 0 0 0 0 0 0 0 0 0 0 0 0 0 0 0 0 0 0 0 0 0 0 0 0 0 0 0 0 0 0 157 153 172 164 202 104 103 50 78 96 6 3 4 19 20 197 48 82 22 0 0 0 0 0 0 0 0 0 0 0 0 0 0
0 0 0 0 0 0 0 0 0 0 0 0 0 0 0 0 0 0 0 0 0 0 0 0 0 0 0 0 0 0 0 0 0 0 0 0 0 0 0 0 0 0 0 0 0 0 0 0 0 0 0 0 0 0 0 0 0 35 34 112 154 87 87 106 132 52 70 21 24 18 19 20 197 48 82 22 0 0 0 0 0 0 0 0 0 0 0 0 0 0
0 0 0 0 0 0 0 0 0 0 0 0 0 0 0 0 0 0 0 0 0 0 0 0 0 0 0 0 0 0 0 0 0 0 0 0 0 0 0 0 0 0 0 0 0 0 0 0 0 0 0 0 0 0 0 0 0 0 50 101 141 112 159 128 128 63 56 18 19 21 77 101 80 40 0 0 0 0 0 0 0 0 0 0 0 0 0 0 0 0
0 0 0 0 0 0 0 0 0 0 0 0 0 0 0 0 0 0 0 0 0 0 0 0 0 0 0 0 0 0 0 0 0 0 0 0 0 0 0 0 0 0 0 0 0 0 0 0 0 0 0 0 0 0 0 0 0 0 0 0 0 85 86 86 191 191 192 190 144 122 41 0 0 0 0 0 0 0 0 0 0 0 0 0 0 0 0 0 0 0
0 0 0 0 0 0 0 0 0 0 0 0 0 0 0 0 0 0 0 0 0 0 0 0 0 0 0 0 0 0 0 0 0 0 0 0 0 0 0 0 0 0 0 0 0 0 0 0 0 0 0 0 0 0 0 0 0 0 0 0 0 85 86 86 191 191 192 190 0 0 0 0 0 0 0 0 0 0 0 0 0 0 0 0 0 0 0 0 0 0
0 0 0 0 0 0 0 0 0 0 0 0 0 0 0 0 0 0 0 0 0 0 0 0 0 0 0 0 0 0 0 0 0 0 0 0 0 0 0 0 0 0 0 0 0 0 0 0 0 0 0 0 0 0 0 0 0 0 0 0 0 0 0 0 0 0 52 48 0 0 0 0 0 0 0 0 0 0 0 0 0 0 0 0 0 0 0 0 0 0
0 0 0 0 0 0 0 0 0 0 0 0 0 0 0 0 0 0 0 0 0 0 0 0 0 0 0 0 0 0 0 0 0 0 0 0 0 0 0 0 0 0 0 0 0 0 0 0 0 0 0 0 0 0 0 0 0 0 0 0 0 0 0 0 0 0 0 0 0 0 0 0 0 0 0 0 0 0 0 0 0 0 0 0 0 0 0 0 0 0
0 0 0 0 0 0 0 0 0 0 0 0 0 0 0 0 0 0 0 0 0 0 0 0 0 0 0 0 0 0 0 0 0 0 0 0 0 0 0 0 0 0 0 0 0 0 0 0 0 0 0 0 0 0 0 0 0 0 0 0 0 0 0 0 0 0 0 0 0 0 0 0 0 0 0 0 0 0 0 0 0 0 0 0 0 0 0 0 0 0
0 0 0 0 0 0 0 0 0 0 0 0 0 0 0 0 0 0 0 0 0 0 0 0 0 0 0 0 0 0 0 0 0 0 0 0 0 0 0 0 0 0 0 0 0 0 0 0 0 0 0 0 0 0 0 0 0 0 0 0 0 0 0 0 0 0 0 0 0 0 0 0 0 0 0 0 0 0 0 0 0 0 0 0 0 0 0 0 0 0
